0.0165	0.0003185351304037466	0.0
0.016508913086203145	0.00033006829280437285	0.0
0.016517842786702652	0.00034168411752290176	0.0
0.01652678910149854	0.00035338260455933376	0.0
0.016535752030590798	0.0003651637539136684	0.0
0.016544731573979416	0.00037702756558590574	0.0
0.016553727731664417	0.00038897403957604605	0.0
0.016562740503645784	0.0004010031758840891	0.0
0.016571769889923527	0.00041311497451003497	0.0
0.016580815890497633	0.0004253094354538835	0.0
0.016589878505368118	0.00043758655871563507	0.0
0.016598957734534972	0.0004499463442952893	0.0
0.016608053577998196	0.00046238879219284625	0.0
0.01661716603575779	0.00047491390240830616	0.0
0.016626295107813757	0.0004875216749416689	0.0
0.016635440794166092	0.0005002121097929342	0.0
0.0166446030948148	0.0005129852069621025	0.0
0.01665378200975988	0.0005258409664491736	0.0
0.016662977539001332	0.0005387793882541474	0.0
0.01667218968253915	0.000551800472377024	0.0
0.016681418440373345	0.0005649042188178036	0.0
0.01669066381250391	0.0005780906275764857	0.0
0.016699925798930846	0.0005913596986530708	0.0
0.016709204399654152	0.0006047114320475586	0.0
0.01671849961467383	0.0006181458277599494	0.0
0.016727811443989875	0.0006316628857902428	0.0
0.0167371398876023	0.0006452626061384391	0.0
0.01674648494551109	0.0006589449888045381	0.0
0.016755846617716244	0.00067271003378854	0.0
0.016765224904217783	0.0006865577410904445	0.0
0.016774619805015687	0.0007004881107102521	0.0
0.016784031320109957	0.0007145011426479624	0.0
0.016793459449500607	0.0007285968369035754	0.0
0.016802904193187626	0.0007427751934770912	0.0
0.016812365551171007	0.0007570362123685098	0.0
0.016821843523450775	0.0007713798935778313	0.0
0.016831338110026902	0.0007858062371050554	0.0
0.016840849310899405	0.0008003152429501827	0.0
0.016850377126068274	0.0008149069111132124	0.0
0.01685992155553352	0.0008295812415941452	0.0
0.016869482599295136	0.0008443382343929806	0.0
0.016879060257353116	0.0008591778895097188	0.0
0.01688865452970748	0.0008741002069443597	0.0
0.016898265416358207	0.0008891051866969038	0.0
0.016907892917305305	0.0009041928287673503	0.0
0.016917537032548776	0.0009193631331556999	0.0
0.016927197762088616	0.0009346160998619521	0.0
0.01693687510592483	0.0009499517288861071	0.0
0.016946569064057414	0.000965370020228165	0.0
0.01695627963648637	0.0009808709738881257	0.0
0.016966006823211692	0.000996454589865989	0.0
0.01697575062423339	0.0010121208681617554	0.0
0.016985511039551458	0.0010278698087754243	0.0
0.016995288069165896	0.0010437014117069964	0.0
0.017005081713076707	0.0010596156769564708	0.0
0.01701489197128389	0.0010756126045238486	0.0
0.017024718843787444	0.0010916921944091288	0.0
0.017034562330587366	0.0011078544466123117	0.0
0.01704442243168366	0.0011240993611333976	0.0
0.01705429914707633	0.0011404269379723863	0.0
0.01706419247676536	0.0011568371771292776	0.0
0.017074102420750772	0.0011733300786040718	0.0
0.017084028979032554	0.001189905642396769	0.0
0.0170939721516107	0.001206563868507369	0.0
0.017103931938485223	0.0012233047569358715	0.0
0.017113908339656113	0.0012401283076822766	0.0
0.01712390135512338	0.001257034520746585	0.0
0.017133910984887007	0.001274023396128796	0.0
0.017143937228947016	0.0012910949338289094	0.0
0.017153980087303393	0.0013082491338469262	0.0
0.017164039559956143	0.0013254859961828454	0.0
0.017174115646905255	0.0013428055208366675	0.0
0.01718420834815075	0.0013602077078083924	0.0
0.017194317663692612	0.0013776925570980203	0.0
0.017204443593530846	0.0013952600687055512	0.0
0.017214586137665445	0.001412910242630984	0.0
0.017224745296096418	0.0014306430788743204	0.0
0.01723492106882377	0.0014484585774355593	0.0
0.017245113455847488	0.001466356738314701	0.0
0.017255322457167568	0.0014843375615117454	0.0
0.01726554807278403	0.0015024010470266929	0.0
0.017275790302696863	0.0015205471948595431	0.0
0.01728604914690606	0.001538776005010296	0.0
0.01729632460541163	0.0015570874774789515	0.0
0.017306616678213576	0.0015754816122655097	0.0
0.017316925365311892	0.0015939584093699714	0.0
0.017327250666706574	0.0016125178687923353	0.0
0.017337592582397632	0.0016311599905326024	0.0
0.01734795111238506	0.001649884774590772	0.0
0.01735832625666886	0.0016686922209668447	0.0
0.017368718015249033	0.0016875823296608199	0.0
0.017379126388125568	0.001706555100672698	0.0
0.017389551375298486	0.001725610534002479	0.0
0.017399992976767767	0.001744748629650163	0.0
0.017410451192533424	0.0017639693876157492	0.0
0.017420926022595443	0.0017832728078992384	0.0
0.01743141746695384	0.0018026588905006304	0.0
0.01744192552560861	0.0018221276354199257	0.0
0.01745245019855975	0.0018416790426571232	0.0
0.01746299148580726	0.0018613131122122237	0.0
0.01747354938735114	0.001881029844085227	0.0
0.017484123903191394	0.0019008292382761333	0.0
0.01749471503332802	0.001920711294784942	0.0
0.01750532277776101	0.0019406760136116536	0.0
0.01751594713649037	0.001960723394756268	0.0
0.01752658810951611	0.0019808534382187853	0.0
0.01753724569683822	0.0020010661439992055	0.0
0.01754791989845669	0.0020213615120975286	0.0
0.017558610714371543	0.0020417395425137547	0.0
0.017569318144582766	0.002062200235247883	0.0
0.017580042189090362	0.0020827435902999146	0.0
0.017590782847894317	0.002103369607669848	0.0
0.017601540120994654	0.002124078287357685	0.0
0.01761231400839136	0.0021448696293634244	0.0
0.017623104510084437	0.002165743633687067	0.0
0.017633911626073882	0.002186700300328613	0.0
0.017644735356359704	0.0022077396292880603	0.0
0.01765557570094189	0.0022288616205654115	0.0
0.01766643265982045	0.0022500662741606653	0.0
0.01767730623299538	0.0022713535900738212	0.0
0.01768819642046669	0.002292723568304881	0.0
0.017699103222234364	0.002314176208853843	0.0
0.017710026638298407	0.0023357115117207078	0.0
0.01772096666865882	0.0023573294769054756	0.0
0.01773192331331561	0.0023790301044081465	0.0
0.017742896572268768	0.0024008133942287195	0.0
0.017753886445518296	0.0024226793463671954	0.0
0.0177648929330642	0.0024446279608235748	0.0
0.017775916034906473	0.0024666592375978563	0.0
0.01778695575104511	0.0024887731766900403	0.0
0.017798012081480127	0.0025109697781001286	0.0
0.01780908502621151	0.002533249041828118	0.0
0.017820174585239268	0.002555610967874011	0.0
0.017831280758563398	0.002578055556237807	0.0
0.017842403546183893	0.0026005828069195053	0.0
0.017853542948100765	0.0026231927199191064	0.0
0.017864698964314005	0.0026458852952366105	0.0
0.01787587159482362	0.002668660532872017	0.0
0.017887060839629605	0.002691518432825327	0.0
0.01789826669873195	0.0027144589950965398	0.0
0.01790948917213068	0.0027374822196856545	0.0
0.017920728259825772	0.0027605881065926726	0.0
0.01793198396181724	0.0027837766558175938	0.0
0.01794325627810508	0.002807047867360417	0.0
0.017954545208689287	0.0028304017412211432	0.0
0.01796585075356987	0.002853838277399773	0.0
0.017977172912746822	0.0028773574758963055	0.0
0.017988511686220142	0.0029009593367107394	0.0
0.01799986707398984	0.0029246438598430776	0.0
0.018011239076055903	0.0029484110452933187	0.0
0.018022627692418337	0.0029722608930614607	0.0
0.018034032923077144	0.0029961934031475074	0.0
0.01804545476803232	0.0030202085755514567	0.0
0.018056893227283873	0.003044306410273308	0.0
0.018068348300831795	0.0030684869073130624	0.0
0.018079819988676086	0.0030927500666707197	0.0
0.01809130829081675	0.0031170958883462796	0.0
0.018102813207253782	0.0031415243723397425	0.0
0.018114334737987185	0.003166035518651108	0.0
0.01812587288301696	0.0031906293272803764	0.0
0.01813742764234311	0.0032153057982275478	0.0
0.01814899901596563	0.003240064931492622	0.0
0.01816058700388452	0.0032649067270755987	0.0
0.018172191606099772	0.003289831184976478	0.0
0.018183812822611407	0.003314838305195261	0.0
0.01819545065341941	0.0033399280877319457	0.0
0.018207105098523784	0.003365100532586534	0.0
0.018218776157924527	0.0033903556397590247	0.0
0.018230463831621642	0.0034156934092494182	0.0
0.01824216811961513	0.003441113841057715	0.0
0.01825388902190499	0.0034666169351839143	0.0
0.018265626538491217	0.0034922026916280164	0.0
0.01827738066937382	0.003517871110390021	0.0
0.01828915141455279	0.003543622191469929	0.0
0.01830093877402813	0.0035694559348677392	0.0
0.018312742747799846	0.0035953723405834524	0.0
0.01832456333586793	0.003621371408617068	0.0
0.018336400538232385	0.0036474531389685872	0.0
0.018348254354893213	0.0036736175316380093	0.0
0.01836012478585041	0.0036998645866253336	0.0
0.01837201183110398	0.0037261943039305604	0.0
0.01838391549065392	0.00375260668355369	0.0
0.01839583576450023	0.0037791017254947233	0.0
0.01840777265264291	0.003805679429753659	0.0
0.01841972615508197	0.0038323397963304973	0.0
0.01843169627181739	0.003859082825225239	0.0
0.018443683002849192	0.003885908516437883	0.0
0.01845568634817735	0.003912816869968429	0.0
0.018467706307801892	0.003939807885816879	0.0
0.0184797428817228	0.003966881563983232	0.0
0.018491796069940076	0.003994037904467487	0.0
0.01850386587245373	0.004021276907269645	0.0
0.018515952289263757	0.0040485985723897056	0.0
0.01852805532037015	0.004076002899827669	0.0
0.018540174965772916	0.004103489889583535	0.0
0.018552311225472046	0.004131059541657304	0.0
0.01856446409946755	0.004158711856048976	0.0
0.01857663358775943	0.004186446832758552	0.0
0.018588819690347678	0.004214264471786029	0.0
0.0186010224072323	0.00424216477313141	0.0
0.018613241738413295	0.004270147736794692	0.0
0.018625477683890654	0.004298213362775879	0.0
0.01863773024366439	0.004326361651074967	0.0
0.018649999417734493	0.004354592601691958	0.0
0.018662285206100963	0.004382906214626853	0.0
0.018674587608763813	0.0044113024898796505	0.0
0.01868690662572303	0.004439781427450351	0.0
0.018699242256978617	0.004468343027338954	0.0
0.01871159450253058	0.004496987289545459	0.0
0.01872396336237891	0.004525714214069867	0.0
0.018736348836523614	0.004554523800912179	0.0
0.01874875092496469	0.004583416050072392	0.0
0.01876116962770213	0.00461239096155051	0.0
0.01877360494473595	0.004641448535346529	0.0
0.018786056876066135	0.004670588771460452	0.0
0.018798525421692688	0.004699811669892277	0.0
0.018811010581615616	0.004729117230642005	0.0
0.018823512355834918	0.0047585054537096355	0.0
0.01883603074435059	0.00478797633909517	0.0
0.018848565747162628	0.004817529886798605	0.0
0.01886111736427104	0.004847166096819944	0.0
0.018873685595675826	0.004876884969159187	0.0
0.018886270441376984	0.004906686503816331	0.0
0.018898871901374504	0.004936570700791378	0.0
0.01891148997566841	0.00496653756008433	0.0
0.018924124664258676	0.004996587081695182	0.0
0.018936775967145318	0.0050267192656239384	0.0
0.018949443884328326	0.005056934111870598	0.0
0.01896212841580771	0.005087231620435158	0.0
0.018974829561583462	0.005117611791317623	0.0
0.018987547321655585	0.00514807462451799	0.0
0.01900028169602408	0.0051786201200362605	0.0
0.019013032684688947	0.005209248277872433	0.0
0.019025800287650184	0.0052399590980265085	0.0
0.019038584504907797	0.005270752580498488	0.0
0.01905138533646177	0.005301628725288368	0.0
0.019064202782312124	0.005332587532396152	0.0
0.019077036842458848	0.00536362900182184	0.0
0.01908988751690193	0.005394753133565428	0.0
0.019102754805641397	0.005425959927626921	0.0
0.01911563870867724	0.005457249384006316	0.0
0.019128539226009444	0.005488621502703614	0.0
0.01914145635763802	0.005520076283718815	0.0
0.019154390103562968	0.005551613727051919	0.0
0.01916734046378429	0.005583233832702924	0.0
0.01918030743830198	0.005614936600671834	0.0
0.019193291027116036	0.005646722030958646	0.0
0.019206291230226474	0.00567859012356336	0.0
0.019219308047633277	0.0057105408784859785	0.0
0.019232341479336452	0.005742574295726498	0.0
0.019245391525336004	0.005774690375284921	0.0
0.019258458185631912	0.0058068891171612486	0.0
0.019271541460224202	0.005839170521355478	0.0
0.019284641349112862	0.005871534587867611	0.0
0.019297757852297898	0.0059039813166976455	0.0
0.019310890969779296	0.005936510707845584	0.0
0.01932404070155707	0.005969122761311425	0.0
0.019337207047631214	0.006001817477095168	0.0
0.019350390008001733	0.006034594855196816	0.0
0.019363589582668615	0.006067454895616365	0.0
0.019376805771631873	0.006100397598353816	0.0
0.019390038574891504	0.006133422963409171	0.0
0.019403287992447508	0.006166530990782429	0.0
0.01941655402429987	0.00619972168047359	0.0
0.019429836670448616	0.006232995032482653	0.0
0.019443135930893727	0.006266351046809619	0.0
0.019456451805635214	0.006299789723454488	0.0
0.019469784294673068	0.006333311062417259	0.0
0.019483133398007293	0.006366915063697935	0.0
0.019496499115637892	0.006400601727296511	0.0
0.01950988144756486	0.006434371053212992	0.0
0.019523280393788197	0.006468223041447375	0.0
0.01953669595430791	0.0065021576919996596	0.0
0.01955012812912399	0.006536175004869848	0.0
0.01956357691823645	0.00657027498005794	0.0
0.01957704232164527	0.006604457617563934	0.0
0.019590524339350462	0.006638722917387831	0.0
0.01960402297135203	0.00667307087952963	0.0
0.019617538217649968	0.006707501503989332	0.0
0.01963107007824428	0.006742014790766939	0.0
0.01964461855313495	0.006776610739862446	0.0
0.019658183642322007	0.006811289351275857	0.0
0.01967176534580543	0.006846050625007171	0.0
0.019685363663585222	0.006880894561056387	0.0
0.01969897859566138	0.0069158211594235065	0.0
0.01971261014203392	0.006950830420108529	0.0
0.019726258302702828	0.0069859223431114545	0.0
0.0197399230776681	0.0070210969284322826	0.0
0.01975360446692975	0.007056354176071013	0.0
0.019767302470487767	0.007091694086027646	0.0
0.019781017088342165	0.007127116658302183	0.0
0.019794748320492928	0.007162621892894621	0.0
0.019808496166940057	0.007198209789804963	0.0
0.019822260627683563	0.0072338803490332075	0.0
0.019836041702723437	0.007269633570579355	0.0
0.01984983939205968	0.007305469454443406	0.0
0.019863653695692297	0.007341388000625359	0.0
0.019877484613621287	0.007377389209125215	0.0
0.01989133214584665	0.007413473079942973	0.0
0.019905196292368376	0.007449639613078635	0.0
0.019919077053186476	0.007485888808532198	0.0
0.01993297442830095	0.0075222206663036655	0.0
0.019946888417711795	0.007558635186393035	0.0
0.01996081902141901	0.007595132368800307	0.0
0.019974766239422594	0.007631712213525483	0.0
0.019988730071722555	0.007668374720568561	0.0
0.020002710518318884	0.007705119889929543	0.0
0.02001670757921158	0.0077419477216084265	0.0
0.020030721254400655	0.007778858215605213	0.0
0.020044751543886092	0.007815851371919903	0.0
0.020058798447667905	0.007852927190552495	0.0
0.020072861965746088	0.007890085671502988	0.0
0.020086942098120644	0.007927326814771388	0.0
0.02010103884479157	0.007964650620357689	0.0
0.02011515220575887	0.008002057088261893	0.0
0.020129282181022536	0.008039546218483998	0.0
0.020143428770582575	0.00807711801102401	0.0
0.020157591974438987	0.00811477246588192	0.0
0.020171771792591765	0.008152509583057735	0.0
0.020185968225040915	0.008190329362551452	0.0
0.02020018127178644	0.008228231804363072	0.0
0.020214410932828338	0.008266216908492595	0.0
0.020228657208166606	0.00830428467494002	0.0
0.020242920097801244	0.00834243510370535	0.0
0.020257199601732247	0.00838066819478858	0.0
0.020271495719959627	0.008418983948189716	0.0
0.02028580845248338	0.008457382363908753	0.0
0.020300137799303498	0.008495863441945693	0.0
0.02031448376041999	0.008534427182300535	0.0
0.020328846335832856	0.00857307358497328	0.0
0.020343225525542092	0.008611802649963928	0.0
0.020357621329547698	0.00865061437727248	0.0
0.02037203374784967	0.008689508766898934	0.0
0.02038646278044802	0.008728485818843291	0.0
0.020400908427342743	0.00876754553310555	0.0
0.02041537068853383	0.008806687909685711	0.0
0.020429849564021288	0.008845912948583777	0.0
0.020444345053805123	0.008885220649799744	0.0
0.02045885715788533	0.008924611013333618	0.0
0.0204733858762619	0.00896408403918539	0.0
0.020487931208934846	0.009003639727355066	0.0
0.020502493155904165	0.009043278077842646	0.0
0.020517071717169856	0.009082999090648127	0.0
0.020531666892731913	0.009122802765771511	0.0
0.02054627868259034	0.009162689103212801	0.0
0.020560907086745142	0.00920265810297199	0.0
0.02057555210519632	0.009242709765049083	0.0
0.02059021373794386	0.009282844089444079	0.0
0.020604891984987772	0.009323061076156979	0.0
0.02061958684632806	0.00936336072518778	0.0
0.020634298321964718	0.009403743036536485	0.0
0.020649026411897746	0.009444208010203091	0.0
0.02066377111612714	0.009484755646187601	0.0
0.02067853243465291	0.009525385944490015	0.0
0.020693310367475057	0.00956609890511033	0.0
0.020708104914593566	0.009606894528048549	0.0
0.02072291607600845	0.009647772813304669	0.0
0.0207377438517197	0.009688733760878695	0.0
0.02075258824172733	0.00972977737077062	0.0
0.020767449246031328	0.00977090364298045	0.0
0.020782326864631693	0.009812112577508183	0.0
0.02079722109752843	0.009853404174353817	0.0
0.020812131944721545	0.009894778433517356	0.0
0.020827059406211025	0.009936235354998796	0.0
0.020842003481996874	0.00997777493879814	0.0
0.0208569641720791	0.010019397184915388	0.0
0.02087194147645769	0.010061102093350536	0.0
0.02088693539513266	0.010102889664103587	0.0
0.020901945928103995	0.010144759897174543	0.0
0.0209169730753717	0.0101867127925634	0.0
0.020932016836935782	0.010228748350270161	0.0
0.02094707721279623	0.010270866570294825	0.0
0.02096215420295305	0.010313067452637392	0.0
0.020977247807406244	0.010355350997297858	0.0
0.020992358026155813	0.01039771720427623	0.0
0.02100748485920174	0.010440166073572506	0.0
0.02102262830654404	0.010482697605186681	0.0
0.021037788368182726	0.010525311799118765	0.0
0.021052965044117772	0.010568008655368747	0.0
0.02106815833434919	0.010610788173936632	0.0
0.02108336823887698	0.010653650354822419	0.0
0.021098594757701143	0.010696595198026109	0.0
0.021113837890821673	0.010739622703547707	0.0
0.021129097638238576	0.010782732871387202	0.0
0.021144373999951845	0.010825925701544602	0.0
0.0211596669759615	0.010869201194019905	0.0
0.021174976566267514	0.010912559348813109	0.0
0.021190302770869897	0.010956000165924218	0.0
0.021205645589768656	0.010999523645353228	0.0
0.02122100502296379	0.011043129787100142	0.0
0.02123638107045529	0.011086818591164957	0.0
0.021251773732243164	0.011130590057547678	0.0
0.0212671830083274	0.011174444186248302	0.0
0.02128260889870802	0.011218380977266825	0.0
0.02129805140338501	0.011262400430603253	0.0
0.021313510522358362	0.011306502546257584	0.0
0.02132898625562809	0.011350687324229817	0.0
0.02134447860319419	0.011394954764519953	0.0
0.021359987565056658	0.011439304867127994	0.0
0.0213755131412155	0.011483737632053934	0.0
0.021391055331670707	0.011528253059297779	0.0
0.02140661413642229	0.011572851148859527	0.0
0.02142218955547025	0.011617531900739176	0.0
0.021437781588814573	0.011662295314936729	0.0
0.021453390236455268	0.011707141391452186	0.0
0.02146901549839234	0.011752070130285544	0.0
0.021484657374625776	0.011797081531436805	0.0
0.021500315865155585	0.01184217559490597	0.0
0.02151599096998176	0.011887352320693037	0.0
0.021531682689104315	0.011932611708798007	0.0
0.02154739102252324	0.011977953759220878	0.0
0.021563115970238533	0.012023378471961655	0.0
0.021578857532250192	0.012068885847020332	0.0
0.021594615708558237	0.012114475884396913	0.0
0.021610390499162645	0.012160148584091398	0.0
0.021626181904063423	0.012205903946103784	0.0
0.021641989923260566	0.012251741970434072	0.0
0.02165781455675409	0.012297662657082266	0.0
0.021673655804543984	0.012343666006048361	0.0
0.02168951366663024	0.012389752017332358	0.0
0.021705388143012875	0.01243592069093426	0.0
0.021721279233691885	0.012482172026854062	0.0
0.021737186938667264	0.01252850602509177	0.0
0.02175311125793901	0.012574922685647378	0.0
0.021769052191507127	0.012621422008520889	0.0
0.021785009739371614	0.012668003993712306	0.0
0.021800983901532477	0.012714668641221623	0.0
0.021816974677989705	0.012761415951048842	0.0
0.021832982068743307	0.012808245923193965	0.0
0.021849006073793285	0.01285515855765699	0.0
0.02186504669313963	0.01290215385443792	0.0
0.021881103926782344	0.012949231813536752	0.0
0.021897177774721426	0.012996392434953485	0.0
0.021913268236956888	0.013043635718688123	0.0
0.02192937531348872	0.013090961664740662	0.0
0.021945499004316922	0.013138370273111103	0.0
0.02196163930944149	0.013185861543799453	0.0
0.021977796228862433	0.0132334354768057	0.0
0.02199396976257975	0.013281092072129852	0.0
0.022010159910593432	0.013328831329771905	0.0
0.022026366672903485	0.013376653249731862	0.0
0.022042590049509914	0.013424557832009722	0.0
0.022058830040412716	0.013472545076605481	0.0
0.022075086645611884	0.013520614983519148	0.0
0.02209135986510742	0.013568767552750716	0.0
0.022107649698899338	0.013617002784300187	0.0
0.02212395614698762	0.013665320678167558	0.0
0.022140279209372272	0.013713721234352837	0.0
0.022156618886053296	0.013762204452856017	0.0
0.022172975177030693	0.013810770333677096	0.0
0.02218934808230446	0.013859418876816083	0.0
0.022205737601874595	0.01390815008227297	0.0
0.022222143735741107	0.01395696395004776	0.0
0.022238566483903988	0.014005860480140455	0.0
0.02225500584636324	0.01405483967255105	0.0
0.022271461823118864	0.014103901527279548	0.0
0.022287934414170853	0.01415304604432595	0.0
0.02230442361951922	0.014202273223690255	0.0
0.02232092943916396	0.014251583065372463	0.0
0.022337451873105065	0.014300975569372572	0.0
0.022353990921342538	0.014350450735690584	0.0
0.02237054658387639	0.0144000085643265	0.0
0.02238711886070661	0.014449649055280319	0.0
0.0224037077518332	0.014499372208552038	0.0
0.02242031325725616	0.014549178024141664	0.0
0.022436935376975498	0.01459906650204919	0.0
0.022453574110991206	0.014649037642274619	0.0
0.022470229459303277	0.014699091444817954	0.0
0.022486901421911724	0.014749227909679188	0.0
0.022503589998816544	0.014799447036858326	0.0
0.022520295190017733	0.014849748826355365	0.0
0.022537016995515295	0.014900133278170311	0.0
0.02255375541530922	0.014950600392303155	0.0
0.022570510449399523	0.015001150168753906	0.0
0.0225872820977862	0.015051782607522558	0.0
0.022604070360469245	0.015102497708609112	0.0
0.022620875237448653	0.01515329547201357	0.0
0.022637696728724448	0.015204175897735931	0.0
0.022654534834296605	0.015255138985776193	0.0
0.02267138955416513	0.015306184736134359	0.0
0.022688260888330033	0.015357313148810428	0.0
0.0227051488367913	0.015408524223804398	0.0
0.02272205339954895	0.015459817961116276	0.0
0.02273897457660296	0.015511194360746054	0.0
0.022755912367953338	0.015562653422693732	0.0
0.0227728667736001	0.015614195146959317	0.0
0.022789837793543228	0.0156658195335428	0.0
0.022806825427782725	0.01571752658244419	0.0
0.022823829676318592	0.01576931629366348	0.0
0.02284085053915083	0.015821188667200677	0.0
0.022857888016279446	0.015873143703055773	0.0
0.022874942107704428	0.015925181401228772	0.0
0.022892012813425778	0.015977301761719676	0.0
0.0229091001334435	0.01602950478452848	0.0
0.0229262040677576	0.01608179046965519	0.0
0.022943324616368065	0.0161341588170998	0.0
0.0229604617792749	0.01618660982686231	0.0
0.022977615556478113	0.016239143498942732	0.0
0.022994785947977697	0.01629175983334105	0.0
0.023011972953773642	0.016344458830057272	0.0
0.02302917657386596	0.016397240489091396	0.0
0.023046396808254658	0.016450104810443424	0.0
0.02306363365693972	0.016503051794113353	0.0
0.023080887119921158	0.01655608144010118	0.0
0.023098157197198967	0.016609193748406918	0.0
0.023115443888773138	0.01666238871903055	0.0
0.023132747194643685	0.01671566635197209	0.0
0.023150067114810605	0.01676902664723153	0.0
0.023167403649273895	0.016822469604808876	0.0
0.023184756798033557	0.016875995224704125	0.0
0.023202126561089588	0.01692960350691727	0.0
0.023219512938441992	0.016983294451448323	0.0
0.023236915930090765	0.01703706805829728	0.0
0.02325433553603591	0.017090924327464136	0.0
0.02327177175627743	0.017144863258948904	0.0
0.023289224590815314	0.017198884852751565	0.0
0.023306694039649578	0.01725298910887213	0.0
0.023324180102780204	0.0173071760273106	0.0
0.023341682780207207	0.01736144560806697	0.0
0.02335920207193058	0.017415797851141248	0.0
0.02337673797795032	0.01747023275653343	0.0
0.023394290498266437	0.017524750324243506	0.0
0.023411859632878923	0.01757935055427149	0.0
0.02342944538178778	0.017634033446617372	0.0
0.023447047744993003	0.017688799001281164	0.0
0.023464666722494604	0.017743647218262857	0.0
0.023482302314292575	0.01779857809756245	0.0
0.023499954520386914	0.017853591639179947	0.0
0.02351762334077763	0.017908687843115348	0.0
0.02353530877546471	0.017963866709368653	0.0
0.023553010824448165	0.01801912823793986	0.0
0.02357072948772799	0.018074472428828967	0.0
0.023588464765304188	0.01812989928203598	0.0
0.023606216657176753	0.018185408797560892	0.0
0.02362398516334569	0.018241000975403706	0.0
0.023641770283811	0.01829667581556443	0.0
0.023659572018572682	0.018352433318043055	0.0
0.023677390367630734	0.018408273482839577	0.0
0.02369522533098516	0.018464196309954006	0.0
0.02371307690863595	0.018520201799386335	0.0
0.023730945100583118	0.018576289951136568	0.0
0.023748829906826655	0.018632460765204705	0.0
0.02376673132736656	0.018688714241590746	0.0
0.02378464936220284	0.018745050380294684	0.0
0.02380258401133549	0.018801469181316536	0.0
0.02382053527476451	0.01885797064465628	0.0
0.0238385031524899	0.018914554770313934	0.0
0.023856487644511662	0.01897122155828948	0.0
0.023874488750829797	0.01902797100858294	0.0
0.023892506471444305	0.019084803121194302	0.0
0.023910540806355178	0.019141717896123563	0.0
0.02392859175556243	0.019198715333370725	0.0
0.023946659319066043	0.01925579543293579	0.0
0.023964743496866035	0.019312958194818763	0.0
0.023982844288962392	0.019370203619019637	0.0
0.024000961695355125	0.019427531705538414	0.0
0.024019095716044228	0.01948494245437509	0.0
0.0240372463510297	0.019542435865529673	0.0
0.024055413600311548	0.019600011939002154	0.0
0.024073597463889762	0.019657670674792543	0.0
0.024091797941764352	0.019715412072900833	0.0
0.02411001503393531	0.01977323613332703	0.0
0.02412824874040264	0.019831142856071116	0.0
0.02414649906116634	0.019889132241133117	0.0
0.024164765996226415	0.019947204288513022	0.0
0.024183049545582855	0.020005358998210824	0.0
0.024201349709235667	0.02006359637022653	0.0
0.024219666487184852	0.02012191640456014	0.0
0.02423799987943041	0.020180319101211652	0.0
0.024256349885972334	0.020238804460181066	0.0
0.024274716506810633	0.020297372481468384	0.0
0.024293099741945306	0.020356023165073605	0.0
0.024311499591376348	0.020414756510996727	0.0
0.024329916055103755	0.02047357251923775	0.0
0.02434834913312754	0.020532471189796682	0.0
0.024366798825447695	0.020591452522673515	0.0
0.02438526513206422	0.02065051651786825	0.0
0.024403748052977115	0.020709663175380887	0.0
0.02442224758818638	0.02076889249521142	0.0
0.024440763737692016	0.02082820447735987	0.0
0.024459296501494025	0.020887599121826212	0.0
0.024477845879592407	0.02094707642861046	0.0
0.02449641187198716	0.02100663639771261	0.0
0.024514994478678283	0.021066279029132665	0.0
0.024533593699665776	0.021126004322870623	0.0
0.02455220953494964	0.021185812278926484	0.0
0.024570841984529877	0.021245702897300243	0.0
0.02458949104840648	0.02130567617799191	0.0
0.024608156726579462	0.021365732121001478	0.0
0.02462683901904881	0.02142587072632895	0.0
0.02464553792581453	0.021486091993974322	0.0
0.024664253446876623	0.0215463959239376	0.0
0.024682985582235084	0.021606782516218778	0.0
0.02470173433188992	0.02166725177081786	0.0
0.02472049969584112	0.021727803687734845	0.0
0.024739281674088696	0.02178843826696973	0.0
0.024758080266632645	0.02184915550852252	0.0
0.024776895473472966	0.021909955412393215	0.0
0.024795727294609656	0.021970837978581813	0.0
0.024814575730042712	0.02203180320708831	0.0
0.024833440779772148	0.02209285109791271	0.0
0.024852322443797946	0.02215398165105502	0.0
0.02487122072212012	0.022215194866515218	0.0
0.024890135614738667	0.022276490744293335	0.0
0.02490906712165358	0.02233786928438934	0.0
0.024928015242864865	0.02239933048680326	0.0
0.024946979978372526	0.022460874351535078	0.0
0.024965961328176554	0.0225225008785848	0.0
0.024984959292276954	0.022584210067952422	0.0
0.025003973870673726	0.02264600191963795	0.0
0.025023005063366868	0.022707876433641378	0.0
0.02504205287035638	0.022769833609962712	0.0
0.025061117291642263	0.022831873448601946	0.0
0.025080198327224523	0.022893995949559084	0.0
0.025099295977103146	0.022956201112834126	0.0
0.025118410241278144	0.02301848893842707	0.0
0.025137541119749515	0.023080859426337915	0.0
0.025156688612517256	0.023143312576566665	0.0
0.025175852719581365	0.023205848389113312	0.0
0.025195033440941848	0.023268466863977866	0.0
0.025214230776598703	0.023331168001160328	0.0
0.025233444726551923	0.023393951800660687	0.0
0.02525267529080152	0.023456818262478946	0.0
0.025271922469347487	0.023519767386615115	0.0
0.025291186262189826	0.023582799173069185	0.0
0.025310466669328534	0.023645913621841156	0.0
0.025329763690763615	0.02370911073293103	0.0
0.025349077326495065	0.023772390506338805	0.0
0.025368407576522884	0.023835752942064487	0.0
0.02538775444084708	0.023899198040108073	0.0
0.025407117919467644	0.023962725800469552	0.0
0.025426498012384578	0.024026336223148943	0.0
0.02544589471959789	0.024090029308146237	0.0
0.02546530804110756	0.024153805055461428	0.0
0.025484737976913613	0.024217663465094522	0.0
0.02550418452701603	0.024281604537045524	0.0
0.02552364769141482	0.024345628271314423	0.0
0.025543127470109988	0.02440973466790123	0.0
0.025562623863101517	0.02447392372680594	0.0
0.025582136870389422	0.02453819544802855	0.0
0.025601666491973697	0.024602549831569065	0.0
0.025621212727854344	0.02466698687742748	0.0
0.02564077557803136	0.024731506585603795	0.0
0.02566035504250475	0.024796108956098014	0.0
0.02567995112127451	0.024860793988910144	0.0
0.02569956381434064	0.02492556168404017	0.0
0.025719193121703142	0.024990412041488098	0.0
0.025738839043362015	0.025055345061253932	0.0
0.025758501579317257	0.025120360743337667	0.0
0.02577818072956888	0.025185459087739306	0.0
0.025797876494116856	0.025250640094458845	0.0
0.025817588872961216	0.025315903763496288	0.0
0.02583731786610195	0.025381250094851638	0.0
0.025857063473539048	0.02544667908852489	0.0
0.025876825695272516	0.025512190744516036	0.0
0.02589660453130236	0.025577785062825098	0.0
0.025916399981628573	0.02564346204345205	0.0
0.025936212046251152	0.025709221686396916	0.0
0.02595604072517011	0.02577506399165968	0.0
0.02597588601838544	0.025840988959240346	0.0
0.025995747925897136	0.025906996589138913	0.0
0.026015626447705203	0.025973086881355384	0.0
0.02603552158380964	0.02603925983588976	0.0
0.02605543333421045	0.026105515452742038	0.0
0.026075361698907635	0.026171853731912217	0.0
0.026095306677901185	0.0262382746734003	0.0
0.026115268271191112	0.026304778277206287	0.0
0.026135246478777404	0.026371364543330177	0.0
0.026155241300660072	0.02643803347177197	0.0
0.02617525273683911	0.02650478506253166	0.0
0.026195280787314517	0.02657161931560926	0.0
0.026215325452086293	0.026638536231004758	0.0
0.02623538673115445	0.02670553580871816	0.0
0.026255464624518967	0.026772618048749468	0.0
0.026275559132179865	0.02683978295109867	0.0
0.026295670254137125	0.026907030515765786	0.0
0.02631579799039076	0.026974360742750798	0.0
0.026335942340940766	0.027041773632053713	0.0
0.026356103305787144	0.027109269183674536	0.0
0.02637628088492989	0.02717684739761326	0.0
0.026396475078369012	0.02724450827386988	0.0
0.026416685886104505	0.02731225181244441	0.0
0.026436913308136367	0.02738007801333684	0.0
0.026457157344464598	0.027447986876547172	0.0
0.026477417995089198	0.027515978402075408	0.0
0.026497695260010175	0.027584052589921547	0.0
0.026517989139227517	0.027652209440085593	0.0
0.026538299632741236	0.027720448952567533	0.0
0.026558626740551327	0.027788771127367384	0.0
0.026578970462657787	0.02785717596448513	0.0
0.026599330799060617	0.027925663463920784	0.0
0.02661970774975982	0.02799423362567434	0.0
0.02664010131475539	0.028062886449745802	0.0
0.026660511494047336	0.02813162193613516	0.0
0.02668093828763565	0.028200440084842425	0.0
0.026701381695520332	0.028269340895867592	0.0
0.026721841717701388	0.02833832436921066	0.0
0.02674231835417882	0.02840739050487163	0.0
0.026762811604952617	0.02847653930285051	0.0
0.026783321470022783	0.02854577076314729	0.0
0.02680384794938933	0.02861508488576197	0.0
0.026824391043052242	0.028684481670694557	0.0
0.026844950751011523	0.02875396111794504	0.0
0.02686552707326718	0.028823523227513425	0.0
0.026886120009819204	0.02889316799939972	0.0
0.0269067295606676	0.028962895433603912	0.0
0.02692735572581237	0.02903270553012601	0.0
0.026947998505253513	0.029102598288966015	0.0
0.02696865789899102	0.029172573710123918	0.0
0.0269893339070249	0.02924263179359972	0.0
0.027010026529355153	0.02931277253939343	0.0
0.027030735765981775	0.02938299594750504	0.0
0.027051461616904773	0.029453302017934557	0.0
0.027072204082124133	0.029523690750681973	0.0
0.027092963161639873	0.029594162145747293	0.0
0.027113738855451985	0.029664716203130517	0.0
0.02713453116356046	0.02973535292283164	0.0
0.027155340085965308	0.02980607230485067	0.0
0.02717616562266653	0.029876874349187604	0.0
0.027197007773664125	0.02994775905584244	0.0
0.027217866538958087	0.03001872642481518	0.0
0.02723874191854842	0.030089776456105808	0.0
0.027259633912435126	0.030160909149714355	0.0
0.027280542520618206	0.0302321245056408	0.0
0.027301467743097652	0.030303422523885147	0.0
0.027322409579873468	0.030374803204447402	0.0
0.027343368030945663	0.030446266547327554	0.0
0.027364343096314223	0.03051781255252561	0.0
0.027385334775979153	0.030589441220041567	0.0
0.027406343069940456	0.03066115254987543	0.0
0.027427367978198135	0.030732946542027198	0.0
0.027448409500752176	0.030804823196496866	0.0
0.02746946763760259	0.03087678251328443	0.0
0.027490542388749383	0.030948824492389906	0.0
0.027511633754192546	0.031020949133813282	0.0
0.027532741733932067	0.03109315643755456	0.0
0.027553866327967965	0.03116544640361374	0.0
0.027575007536300242	0.031237819031990823	0.0
0.027596165358928886	0.031310274322685815	0.0
0.027617339795853898	0.0313828122756987	0.0
0.027638530847075283	0.0314554328910295	0.0
0.027659738512593044	0.031528136168678195	0.0
0.027680962792407168	0.03160092210864479	0.0
0.02770220368651767	0.03167379071092929	0.0
0.02772346119492454	0.0317467419755317	0.0
0.027744735317627778	0.031819775902452004	0.0
0.02776602605462739	0.03189289249169021	0.0
0.027787333405923376	0.03196609174324632	0.0
0.02780865737151573	0.03203937365712033	0.0
0.02782999795140445	0.032112738233312246	0.0
0.02785135514558955	0.032186185471822074	0.0
0.02787272895407102	0.0322597153726498	0.0
0.027894119376848856	0.03233332793579542	0.0
0.02791552641392307	0.03240702316125896	0.0
0.027936950065293644	0.032480801049040386	0.0
0.0279583903309606	0.03255466159913973	0.0
0.027979847210923923	0.03262860481155695	0.0
0.028001320705183616	0.032702630686292096	0.0
0.028022810813739675	0.03277673922334514	0.0
0.028044317536592114	0.032850930422716085	0.0
0.02806584087374092	0.03292520428440494	0.0
0.028087380825186102	0.03299956080841169	0.0
0.028108937390927652	0.03307399999473634	0.0
0.02813051057096557	0.033148521843378895	0.0
0.028152100365299863	0.033223126354339355	0.0
0.028173706773930527	0.03329781352761772	0.0
0.028195329796857557	0.033372583363213984	0.0
0.028216969434080967	0.03344743586112815	0.0
0.028238625685600746	0.03352237102136023	0.0
0.028260298551416888	0.033597388843910204	0.0
0.028281988031529405	0.03367248932877807	0.0
0.0283036941259383	0.03374767247596386	0.0
0.02832541683464356	0.03382293828546754	0.0
0.028347156157645187	0.03389828675728912	0.0
0.028368912094943192	0.03397371789142861	0.0
0.028390684646537566	0.034049231687886	0.0
0.02841247381242831	0.03412482814666128	0.0
0.02843427959261543	0.03420050726775449	0.0
0.02845610198709891	0.034276269051165584	0.0
0.028477940995878775	0.03435211349689459	0.0
0.028499796618955003	0.03442804060494149	0.0
0.0285216688563276	0.0345040503753063	0.0
0.028543557707996572	0.034580142807989	0.0
0.028565463173961917	0.03465631790298962	0.0
0.02858738525422363	0.03473257566030814	0.0
0.028609323948781715	0.03480891607994456	0.0
0.028631279257636172	0.03488533916189888	0.0
0.028653251180786998	0.0349618449061711	0.0
0.028675239718234196	0.03503843331276123	0.0
0.028697244869977767	0.03511510438166925	0.0
0.028719266636017707	0.03519185811289519	0.0
0.028741305016354017	0.035268694506439026	0.0
0.028763360010986703	0.03534561356230076	0.0
0.028785431619915754	0.03542261528048041	0.0
0.02880751984314118	0.03549969966097795	0.0
0.02882962468066298	0.0355768667037934	0.0
0.02885174613248114	0.035654116408926746	0.0
0.02887388419859568	0.035731448776377996	0.0
0.02889603887900659	0.035808863806147145	0.0
0.028918210173713866	0.03588636149823421	0.0
0.028940398082717523	0.03596394185263917	0.0
0.028962602606017542	0.03604160486936203	0.0
0.028984823743613938	0.0361193505484028	0.0
0.029007061495506706	0.03619717888976146	0.0
0.02902931586169584	0.036275089893438035	0.0
0.029051586842181343	0.036353083559432516	0.0
0.02907387443696322	0.03643115988774489	0.0
0.029096178646041474	0.03650931887837517	0.0
0.02911849946941609	0.03658756053132335	0.0
0.029140836907087086	0.03666588484658944	0.0
0.029163190959054446	0.03674429182417342	0.0
0.029185561625318178	0.03682278146407532	0.0
0.029207948905878287	0.036901353766295115	0.0
0.029230352800734757	0.036980008730832806	0.0
0.029252773309887608	0.03705874635768841	0.0
0.02927521043333682	0.03713756664686191	0.0
0.029297664171082413	0.03721646959835331	0.0
0.029320134523124375	0.03729545521216262	0.0
0.02934262148946271	0.03737452348828984	0.0
0.029365125070097406	0.03745367442673495	0.0
0.02938764526502848	0.03753290802749796	0.0
0.029410182074255924	0.03761222429057889	0.0
0.02943273549777974	0.0376916232159777	0.0
0.029455305535599927	0.03777110480369443	0.0
0.029477892187716483	0.03785066905372905	0.0
0.029500495454129413	0.03793031596608159	0.0
0.029523115334838715	0.03801004554075202	0.0
0.029545751829844383	0.03808985777774035	0.0
0.02956840493914643	0.038169752677046594	0.0
0.029591074662744837	0.03824973023867074	0.0
0.029613761000639623	0.038329790462612784	0.0
0.02963646395283078	0.038409933348872737	0.0
0.029659183519318306	0.03849015889745057	0.0
0.029681919700102206	0.03857046710834633	0.0
0.029704672495182473	0.03865085798155998	0.0
0.029727441904559115	0.03873133151709154	0.0
0.029750227928232124	0.038811887714941	0.0
0.029773030566201505	0.03889252657510836	0.0
0.029795849818467262	0.03897324809759363	0.0
0.029818685685029385	0.039054052282396806	0.0
0.029841538165887884	0.039134939129517876	0.0
0.029864407261042742	0.039215908638956846	0.0
0.029887292970493983	0.03929696081071374	0.0
0.029910195294241597	0.03937809564478851	0.0
0.029933114232285573	0.03945931314118119	0.0
0.029956049784625922	0.03954061329989177	0.0
0.029979001951262647	0.039621996120920266	0.0
0.030001970732195737	0.03970346160426666	0.0
0.0300249561274252	0.03978500974993095	0.0
0.030047958136951037	0.03986664055791315	0.0
0.030070976760773246	0.03994835402821325	0.0
0.030094011998891824	0.040030150160831245	0.0
0.03011706385130677	0.04011202895576716	0.0
0.030140132318018095	0.040193990413020964	0.0
0.030163217399025784	0.04027603453259268	0.0
0.030186319094329842	0.0403581613144823	0.0
0.03020943740393028	0.04044037075868981	0.0
0.030232572327827077	0.04052266286521523	0.0
0.030255723866020254	0.04060503763405855	0.0
0.0302788920185098	0.04068749506521977	0.0
0.030302076785295718	0.040770035158698904	0.0
0.03032527816637801	0.04085265791449594	0.0
0.03034849616175667	0.04093536333261087	0.0
0.030371730771431696	0.0410181514130437	0.0
0.0303949819954031	0.04110102215579444	0.0
0.030418249833670873	0.04118397556086309	0.0
0.030441534286235018	0.04126701162824963	0.0
0.03046483535309553	0.041350130357954075	0.0
0.03048815303425242	0.04143333174997643	0.0
0.030511487329705673	0.041516615804316676	0.0
0.030534838239455304	0.04159998252097483	0.0
0.030558205763501302	0.0416834318999509	0.0
0.030581589901843675	0.04176696394124485	0.0
0.030604990654482415	0.041850578644856716	0.0
0.030628408021417527	0.04193427601078648	0.0
0.03065184200264901	0.042018056039034156	0.0
0.030675292598176866	0.04210191872959973	0.0
0.030698759808001092	0.042185864082483204	0.0
0.03072224363212169	0.042269892097684586	0.0
0.030745744070538664	0.04235400277520387	0.0
0.030769261123252	0.04243819611504105	0.0
0.030792794790261712	0.04252247211719614	0.0
0.030816345071567792	0.04260683078166913	0.0
0.030839911967170244	0.04269127210846002	0.0
0.03086349547706907	0.04277579609756881	0.0
0.030887095601264264	0.04286040274899551	0.0
0.030910712339755828	0.04294509206274011	0.0
0.030934345692543764	0.043029864038802615	0.0
0.030957995659628076	0.04311471867718302	0.0
0.030981662241008755	0.04319965597788133	0.0
0.031005345436685802	0.043284675940897535	0.0
0.031029045246659226	0.043369778566231657	0.0
0.03105276167092902	0.04345496385388367	0.0
0.031076494709495184	0.043540231803853593	0.0
0.03110024436235772	0.04362558241614142	0.0
0.031124010629516627	0.043711015690747146	0.0
0.031147793510971897	0.043796531627670776	0.0
0.031171593006723546	0.0438821302269123	0.0
0.031195409116771565	0.04396781148847173	0.0
0.03121924184111596	0.044053575412349076	0.0
0.03124309117975672	0.044139421998544315	0.0
0.031266957132693854	0.044225351247057454	0.0
0.03129083969992736	0.04431136315788851	0.0
0.03131473888145723	0.04439745773103745	0.0
0.03133865467728347	0.044483634966504294	0.0
0.031362587087406094	0.044569894864289056	0.0
0.031386536111825084	0.04465623742439171	0.0
0.03141050175054044	0.04474266264681227	0.0
0.03143448400355217	0.04482917053155073	0.0
0.031458482870860276	0.0449157610786071	0.0
0.03148249835246474	0.04500243428798137	0.0
0.03150653044836559	0.04508919015967353	0.0
0.031530579158562805	0.045176028693683604	0.0
0.031554644483056386	0.04526294989001158	0.0
0.03157872642184635	0.04534995374865746	0.0
0.03160282497493267	0.04543704026962125	0.0
0.031626940142315374	0.04552420945290293	0.0
0.031651071923994446	0.04561146129850252	0.0
0.03167522031996989	0.04569879580642001	0.0
0.0316993853302417	0.0457862129766554	0.0
0.03172356695480988	0.0458737128092087	0.0
0.031747765193674435	0.0459612953040799	0.0
0.03177198004683536	0.046048960461268995	0.0
0.03179621151429266	0.046136708280776005	0.0
0.031820459596046326	0.04622453876260091	0.0
0.031844724292096366	0.04631245190674372	0.0
0.031869005602442775	0.04640044771320443	0.0
0.031893303527085554	0.04648852618198304	0.0
0.03191761806602471	0.04657668731307956	0.0
0.03194194921926023	0.04666493110649398	0.0
0.031966296986792125	0.04675325756222631	0.0
0.031990661368620395	0.04684166668027654	0.0
0.032015042364745026	0.04693015846064466	0.0
0.03203943997516604	0.047018732903330696	0.0
0.03206385419988342	0.047107390008334624	0.0
0.03208828503889717	0.047196129775656466	0.0
0.03211273249220729	0.04728495220529621	0.0
0.03213719655981378	0.04737385729725385	0.0
0.03216167724171664	0.047462845051529395	0.0
0.03218617453791588	0.04755191546812285	0.0
0.03221068844841148	0.0476410685470342	0.0
0.03223521897320346	0.047730304288263456	0.0
0.03225976611229181	0.0478196226918106	0.0
0.032284329865676524	0.04790902375767567	0.0
0.032308910233357614	0.047998507485858634	0.0
0.032333507215335074	0.048088073876359494	0.0
0.032358120811608916	0.04817772292917826	0.0
0.03238275102217911	0.048267454644314936	0.0
0.03240739784704569	0.04835726902176951	0.0
0.03243206128620863	0.04844716606154199	0.0
0.03245674133966795	0.04853714576363237	0.0
0.03248143800742363	0.04862720812804065	0.0
0.0325061512894757	0.048717353154766836	0.0
0.032530881185824125	0.04880758084381093	0.0
0.03255562769646893	0.04889789119517292	0.0
0.0325803908214101	0.0489882842088528	0.0
0.03260517056064764	0.0490787598848506	0.0
0.03262996691418156	0.0491693182231663	0.0
0.03265477988201184	0.0492599592237999	0.0
0.0326796094641385	0.04935068288675141	0.0
0.03270445566056152	0.04944148921202081	0.0
0.032729318471280924	0.04953237819960813	0.0
0.03275419789629669	0.04962334984951334	0.0
0.032779093935608836	0.049714404161736454	0.0
0.032804006589217345	0.04980554113627747	0.0
0.032828935857122224	0.049896760773136394	0.0
0.032853881739323486	0.049988063072313224	0.0
0.0328788442358211	0.05007944803380794	0.0
0.032903823346615096	0.050170915657620566	0.0
0.032928819071705466	0.05026246594375111	0.0
0.03295383141109221	0.05035409889219954	0.0
0.03297886036477531	0.05044581450296588	0.0
0.0330039059327548	0.050537612776050116	0.0
0.03302896811503065	0.05062949371145226	0.0
0.03305404691160287	0.05072145730917231	0.0
0.03307914232247147	0.050813503569210265	0.0
0.03310425434763643	0.050905632491566113	0.0
0.03312938298709777	0.05099784407623986	0.0
0.03315452824085547	0.051090138323231525	0.0
0.03317969010890955	0.05118251523254109	0.0
0.033204868591260005	0.051274974804168545	0.0
0.03323006368790682	0.051367517038113916	0.0
0.033255275398850016	0.05146014193437718	0.0
0.033280503724089576	0.05155284949295835	0.0
0.03330574866362551	0.051645639713857425	0.0
0.03333101021745782	0.05173851259707441	0.0
0.0333562883855865	0.05183146814260929	0.0
0.03338158316801155	0.05192450635046207	0.0
0.03340689456473296	0.05201762722063275	0.0
0.03343222257575075	0.05211083075312135	0.0
0.03345756720106491	0.052204116947927835	0.0
0.03348292844067544	0.05229748580505223	0.0
0.033508306294582346	0.05239093732449452	0.0
0.03353370076278562	0.05248447150625473	0.0
0.03355911184528527	0.05257808835033283	0.0
0.03358453954208128	0.05267178785672884	0.0
0.03360998385317367	0.05276557002544274	0.0
0.03363544477856242	0.05285943485647455	0.0
0.03366092231824755	0.05295338234982427	0.0
0.03368641647222906	0.05304741250549189	0.0
0.03371192724050693	0.0531415253234774	0.0
0.03373745462308117	0.05323572080378082	0.0
